2.9999999999999996
2.991589009608999
2.982402520835
2.973397135109
2.9639608348409996
2.954720027381
2.9463179698940003
2.936990403727
2.927151477629
2.916577029976
2.906080667194
2.8957966267329995
2.8850091133959994
2.873714480536
2.8641397987470003
2.854300056192999
2.8433608273109994
2.8324456756010004
2.821552066756
2.8109523777620002
2.7994964454279994
2.7879008204080002
2.7760253304930007
2.7653637578629997
2.753712174983
2.7425571844500003
2.7308542283450006
2.7188210177840006
2.7080482013270006
2.6977915165559994
2.686067923217001
2.6742825274900004
2.6633575914420007
2.651507039897
2.6390949846179996
2.627542717130999
2.616675390798999
2.603580641453999
2.5913165338859985
2.5792994026669978
2.566364866522998
2.5535218496719976
2.540224589405998
2.526298324662998
2.513067671519998
2.500594621697998
2.4880886961819972
2.4765597270289974
2.4636503901659976
2.451800270253998
2.438410512875998
2.425226776452998
2.411933353497998
2.3992454971829975
2.385850804893998
2.372972604710998
2.359852434890998
2.346857199615998
2.3342167312609976
2.3209092443189983
2.3080204020809982
2.294837225306998
2.281969183035998
2.2697370551769973
2.2569868442189973
2.2448262562409975
2.2328971158039974
2.2205728306749974
2.208205575134997
2.195877397003997
2.182144245150998
2.1687016705479976
2.155543873579997
2.1430227451969976
2.1294095362109973
2.1171086251189974
2.1041460635099978
2.0914501660119975
2.0787655873049977
2.0668854612689977
2.054760504090998
2.042418292641998
2.030275735002998
2.019016741801998
2.005989014356998
1.994146168963998
1.9820395587329984
1.9686084712079983
1.9572320303649986
1.9443119550929981
1.9319259302909984
1.9183886599309983
1.9050836650859981
1.8929549256999985
1.878390089916998
1.8658865200919983
1.8533507500409985
1.8406799670879985
1.828959274849998
1.8179701970649984
1.8055887278269984
1.7939158556529986
1.7816263320669985
1.7694927162529988
1.7566876036739982
1.7439693205689986
1.7315089315059984
1.7170582233199991
1.7035324539879986
1.6896183596419987
1.6772275338559983
1.6650350379269985
1.652320013767998
1.6403808135509987
1.6292042203729982
1.6174714953609983
1.6039473994559983
1.5931519205289983
1.5804136881519983
1.5664263494279984
1.5527281395239982
1.5394948636979982
1.5264361090109981
1.513751395714998
1.502549376266998
1.4908438313219978
1.4791997705509978
1.4677861586639973
1.4562748479199972
1.444872757846998
1.431954374576998
1.4179267546309977
1.4057628176509982
1.3929706306059977
1.3797226632299981
1.3658722724859986
1.3523854799059982
1.337528215953998
1.3245102230779984
1.3114446364719987
1.298568447923999
1.2866414895189986
1.2730714884779988
1.2598947861099987
1.2458765502029987
1.232846684718999
1.220116896272999
1.206341501206999
1.193810308101999
1.181921416390999
1.1699983100949989
1.158925272652999
1.1450784970489991
1.133041162763999
1.118879793961999
1.106946000068999
1.095427975642999
1.0822485191979991
1.0701739874009992
1.0571461697729991
1.0436024076049992
1.0300750564369991
1.0179228888919991
1.002948130599999
0.990297516088999
0.9758381366799989
0.9635458879859988
0.9491176028899988
0.937297507288999
0.9252524278739988
0.9136756720679989
0.9036459609299989
0.892202460830999
0.878570112693999
0.8670795844599991
0.8528523944649989
0.8393553417509989
0.8260577650669989
0.8132478866699989
0.800181403742999
0.7872956730179991
0.774682699193999
0.761741071556999
0.7498123583849989
0.734500173112999
0.722612007921999
0.7101325782149988
0.6963083894699988
0.682110787161999
0.6690374638569988
0.6540163404369987
0.6381803595149987
0.6223305058099988
0.6083113456439989
0.5947196869289989
0.5832767772009989
0.5720541104509987
0.5589454054269989
0.5442224655929989
0.5322804018219989
0.5182647522459989
0.5043258397409989
0.48919692726499886
0.4755173852909989
0.4626812241539988
0.4491674556349989
0.4333684120849988
0.4168725818289989
0.4068120978219989
0.3942189569999988
0.3794686440649988
0.36467406979599887
0.35152503837299887
0.3379622205599989
0.32222039483499887
0.30631772021399883
0.2943396386549988
0.2794038389549989
0.26640490821299884
0.25237407001299883
0.23880543277699884
0.22432229022799885
0.20820168241999884
0.19448055419699883
0.1815062680499988
0.16855626359899883
