2.9999999999999996
2.990806215175
2.982584482381
2.9739667261269997
2.9645902834619995
2.9553126240889993
2.945735125234999
2.9340653172099986
2.9235674473719997
2.9115973523259995
2.900300192509999
2.888187587225
2.877468422614
2.8673429801940005
2.8563326393970003
2.8441567244019996
2.8326394617879997
2.820480475646
2.810080364894
2.797388155411
2.785816717668
2.7757262991740004
2.764863204415
2.754214885962999
2.745636936494
2.7355567107790004
2.723213222232
2.7119646865130003
2.6994803642160003
2.6863269185960004
2.6751401343550003
2.661915166122
2.650163687861
2.639753118651
2.631179162283
2.6189126281690003
2.6080437355650004
2.597499136551
2.5863666358680004
2.5761921166369994
2.5656938122530004
2.553503089792001
2.5420140105640003
2.530333820668001
2.5186980490180004
2.505894016425
2.4938741116700003
2.4827798145240005
2.4720986449420006
2.460856019095001
2.4498232110940004
2.4389298712430008
2.427353508535001
2.4164498533520007
2.4075176127980007
2.3945256983790006
2.3806455863860005
2.3678774102900007
2.3563912850880007
2.3461202627890003
2.3349395836850007
2.324228137455001
2.3130286116520007
2.3032603669040004
2.2923844040400008
2.282065580950001
2.2718373314000013
2.2635361594270007
2.2511669945340014
2.2384687024570007
2.2275717599680007
2.213990034783001
2.2020169711340007
2.189333561837001
2.1785095348340007
2.166171194431001
2.1551075920330005
2.1439920880650005
2.1334144783960003
2.1225445258220006
2.1110837206990003
2.1026352377940003
2.0910835245640005
2.0791290715339996
2.0677005698460005
2.056986086939
2.043020493817
2.0309235515279997
2.01775578348
2.002999787225
1.9920026822919998
1.981101045117
1.9700020064159998
1.9576307915209998
1.9469341785709997
1.937374579681
1.927045394738
1.9163395814050002
1.907558891354
1.8962352535920004
1.88468290575
1.872536055632
1.8609109200049998
1.847713287757
1.8368873555199998
1.8260685041500002
1.815147433925
1.8042239603390002
1.793168293552
1.7834319221700003
1.7726316862150002
1.7615971256730003
1.7503874059550002
1.7414733326480005
1.7294519128110004
1.7162458362290005
1.7020669628640006
1.6917164794330004
1.6801694076890004
1.6689595106650006
1.6586735778970005
1.6486648874360006
1.6378068943610007
1.6265880912120005
1.6155806196590008
1.6038839664170008
1.5903213316490008
1.577247553191001
1.5685385835190009
1.554293753487001
1.542588321770001
1.5317475643450011
1.5207475667570007
1.5091981199970006
1.4988214018760007
1.4865509873660006
1.4770099554290008
1.4670433271780006
1.455899953449001
1.4448350941770003
1.4332214115570003
1.4211099859560008
1.4107017462130007
1.4012016290950007
1.3873085760350008
1.375972552182001
1.364518955567001
1.353134635967001
1.3414080596260014
1.330963842532001
1.3179787738780013
1.3066516760160012
1.2938436050540012
1.282966451984001
1.2687159657760012
1.2559378039610014
1.2471000617600014
1.2360487418470014
1.2241338094030014
1.2118541038980013
1.2004519200170012
1.1900915552190012
1.1797704206530013
1.1698291587380014
1.1584279337980015
1.1469228677140015
1.133607382443001
1.1200010939900014
1.1095362644790012
1.0967465089390014
1.0852693199300012
1.0740035079720014
1.0626751994910013
1.0510135724440015
1.0396581132210014
1.0289081186670015
1.0168270768560017
1.0042667051450016
0.9907597035930018
0.9780366860470017
0.9649282124440016
0.9525942289540017
0.9404552472260017
0.9289335069560016
0.9176322318720017
0.9057102174500019
0.8939664128610019
0.8828277506490019
0.8731496859450019
0.8609733481450018
0.8468454812980019
0.8334413224760019
0.8182902935540018
0.8050057965180019
0.7927778541460018
0.7826521578740017
0.7714654077240017
0.760639775637002
0.7502738898340018
0.7398246803610018
0.7262716593150017
0.7123035427490015
0.6990793822250017
0.6849286937560016
0.6701178724740019
0.6570943180050017
0.6456683541630018
0.6345517951420019
0.6237739980950019
0.6117291449900017
0.5994352784540017
0.5885769496730017
0.5756255645230017
0.5627850542990017
0.5476669575150018
0.5340309084000017
0.5218571922870017
0.5094498245050016
0.49726043206900167
0.48568744783800183
0.47230376370800176
0.46068723119400173
0.4476235012490017
0.43474360727000166
0.4219971942900016
0.40966904899800155
0.39674771369800166
0.3812887169360016
0.3649303787760016
0.35197975240600154
0.3378247046840015
0.32471017068000146
0.3120126892140015
0.3004725026420014
0.2860808696520014
0.27373883466400145
0.25843219223000147
0.24558275578300143
0.22877457382800145
0.2133317535670015
0.1904021512410015
0.1798685714560015
0.16533972676700154
0.1479389609350015
0.13376769086600152
0.11810105001100149
0.10458577279700153
0.0876088499410015
