2.9999999999999996
2.9839175062409997
2.970837073894999
2.9597411952829997
2.945634129568
2.933362303932
2.9250386867620004
2.9114951280329997
2.902208661426
2.8928770202939997
2.8785137603570004
2.867031708456
2.8570147779329993
2.8422664909990005
2.82186220809
2.8107509619729996
2.792865575263999
2.7809720842819994
2.769552081571999
2.756685290512999
2.746142086789999
2.7336268935169987
2.713859361811999
2.6908810366289995
2.6783220474649996
2.666743086663
2.6546989097739995
2.6414187207129993
2.6305371052779987
2.615342104093999
2.600410277974999
2.586553177160998
2.573382815043999
2.561755560341998
2.5511947033159976
2.539971843767998
2.5242149633679976
2.5116966891839976
2.499729628846998
2.4865544992779975
2.476905015874998
2.462729186291998
2.4481660442779978
2.434519756398998
2.423000373987998
2.404421012426998
2.3923163124859985
2.375077938911998
2.363192747689998
2.353373056261998
2.333490226939998
2.320110409116998
2.3092279406589986
2.2978202175389986
2.282685356839998
2.243233491859998
2.229434081267998
2.2176724697499983
2.2035323538449982
2.191527683647998
2.1675940181849986
2.147385029324999
2.1343323688209983
2.1245278834309986
2.1107346368509985
2.101474917646999
2.089251713546999
2.0724258551539982
2.057596316960999
2.034645535549999
2.008224927083999
1.9794606293629988
1.9667706866809993
1.952293948992999
1.9175860250639993
1.9034223006119988
1.8826250157679993
1.8690051317899994
1.8570854451469994
1.8400539765759993
1.8285408401609988
1.809583436590999
1.794980229101999
1.7836737638159992
1.7683919085459991
1.7535661939599991
1.7413446031509991
1.6980363809139996
1.6799799748569995
1.6617475230759997
1.646759204129
1.6307492238149996
1.6142848516319996
1.5765194547799997
1.5584342665339999
1.5426845295649994
1.5253782424889994
1.4931495855609997
1.4789667162829994
1.467475484811999
1.4548493257239996
1.4396739177259994
1.4236760978139993
1.4122081804939992
1.3993513029679994
1.385277044817999
1.3722700973739992
1.3466282524469992
1.3213332814829997
1.3095376093129993
1.2978702120139995
1.2832198106729993
1.2593583277809992
1.2459790186859994
1.2310350064749993
1.2180685687709991
1.193370279557999
1.1597414513129989
1.142023943034999
1.120240684340999
1.110315610729999
1.094058864978999
1.0812571750309992
1.060935064679999
1.0239637256749994
1.0072776608349994
0.9966757981839993
0.9817576771789996
0.9675031065429994
0.9535012391369996
0.9346781754089994
0.9156027276929993
0.8821485522529997
0.8512978200609999
0.8343947719399997
0.8060003908809998
0.7838545096759997
0.7682890475629995
0.7520279559969997
0.7329434978499997
0.7147823309199994
0.6830229218779994
0.6390365584729994
0.6175772589919996
0.6028915605959994
0.5760721294339995
0.5619374223099998
0.5444846165049996
0.5267308882719997
0.4937931329599997
0.4653496314629997
0.4460726933989997
0.4119389831569997
0.3925792141609998
0.3676395382249997
0.3335762341649998
0.31398129358299987
0.2941296291009998
0.28054039786499985
0.26259307337799975
0.23838277234199967
0.2156276271099997
0.18647275478099967
