2.9999999999999996
2.9812534213229993
2.9448102222409998
2.919391640703999
2.877283298773001
2.847892950013
2.7975527798280013
2.759440046584
2.7013357285769994
2.6614187784329997
2.6204694903209997
2.5719024233889987
2.533590421322998
2.477261759269997
2.435694161238997
2.3744039123599974
2.3170468350259976
2.2747318823969973
2.232460007784997
2.171964473919996
2.1316193621189963
2.0699184214419963
2.0238599339149967
1.9773774665079968
1.9134338243369977
1.8723540847219975
1.8052057303529974
1.7589055168069976
1.6927458082359974
1.6469919597049976
1.6004464493419979
1.533888482937998
1.4915910598089979
1.4282518294759978
